matias,22,333323223,123
matias,22,333323223,123
matias,22,333323223,123
matias,22,333323223,123
matias,22,333323223,123
matias,22,333323223,123
matias,22,333323223,123
matias,22,333323223,123
matias,22,333323223,123
matias,22,333323223,123
matias,22,333323223,123
matias,22,333323223,123
matias,22,333323223,123
matias,22,333323223,123
matias,22,333323223,123
matias,22,333323223,123
matias,22,333323223,123
matias,22,333323223,123
matias,22,333323223,123
matias,22,333323223,123
matias,22,333323223,123
matias,22,333323223,123
matias,22,333323223,123
matias,22,333323223,123
matias,22,333323223,123
matias,22,333323223,123
matias,22,333323223,123
matias,22,333323223,123
