Tomasito,23,39113917,124
Tomasito,23,39113917,124
Tomasito,23,39113917,124
Tomasito,23,39113917,124
Tomasito,23,39113917,124
Tomasito,23,39113917,124
Tomasito,23,39113917,124
Tomasito,23,39113917,124
Tomasito,23,39113917,124
Tomasito,23,39113917,124
Tomasito,23,39113917,124
Tomasito,23,39113917,124
Tomasito,23,39113917,124
Tomasito,23,39113917,124
Tomasito,23,39113917,124
Tomasito,23,39113917,124
Tomasito,23,39113917,124
Tomasito,23,39113917,124
Tomasito,23,39113917,124
Tomasito,23,39113917,124
Tomasito,23,39113917,124
Tomasito,23,39113917,124
Tomasito,23,39113917,124
Tomasito,23,39113917,124
Tomasito,23,39113917,124
Tomasito,23,39113917,124
Tomasito,23,39113917,124
Tomasito,23,39113917,124
Tomasito,23,39113917,124
Tomasito,23,39113917,124
Tomasito,23,39113917,124
Tomasito,23,39113917,124
Tomasito,23,39113917,124
Tomasito,23,39113917,124
Tomasito,23,39113917,124
Tomasito,23,39113917,124
Tomasito,23,39113917,124
Tomasito,23,39113917,124